0.0
1
150.97056274847807 372.2132034355966 10 2 0.0 0.0 false 0 false false true 44 0 -376 false false false 3.0 0 -376
0
0
2
0 3.0 884.379312198022 536.4750256794963 -376
8 4.0 1169.3717726314237 221.41511919589814 -82
0
6
2 317.11493808147725 266.86777991782867
9 612.4454444061925 221.44496577923132
2 848.8563014101817 353.551034448531
9 413.8812263302259 380.95302102765004
2 556.2335871556534 557.5563204238518
9 965.1186768696012 477.7853113757361
0
147
525
1
false
13
1
