0.0
1
452.8528137423852 187.33391103451575 10 1 0.0 0.0 true 45 false true false 0 0 -3612 false false false 4.0 0 -3612
0
0
2
7 5.0 339.6312106082292 497.4746466469523 -3022
7 5.0 247.58056290493383 403.863169831341 -2733
2
0 685.2444761709123 581.8869212702958
2 631.6161441056472 605.9711267107415
6
2 464.7536910771425 357.39100500449206
9 526.195724111792 268.07939731421834
2 970.5195138039539 295.6612228300452
9 362.148959807065 432.89085393412597
2 592.1429532009626 532.2499360900381
9 988.7873150118579 366.861250598156
0
146
1599
8
false
15
8
